<?xml version="1.0"?>
<opencv_storage>
<calibration_Time>"Fri 25 Jan 2013 17:35:39 GMT"</calibration_Time>
<nrOfFrames>30</nrOfFrames>
<image_Width>512</image_Width>
<image_Height>384</image_Height>
<board_Width>8</board_Width>
<board_Height>6</board_Height>
<square_Size>2.2750000000000000e+01</square_Size>
<FixAspectRatio>1.</FixAspectRatio>
<!-- flags:  +fix_aspectRatio +fix_principal_point +zero_tangent_dist -->
<flagValue>14</flagValue>
<Camera_Matrix type_id="opencv-matrix">
  <rows>3</rows>
  <cols>3</cols>
  <dt>d</dt>
  <data>
    5.6273239421347319e+02 0. 2.5550000000000000e+02 0.
    5.6273239421347319e+02 1.9150000000000000e+02 0. 0. 1.</data></Camera_Matrix>
<Distortion_Coefficients type_id="opencv-matrix">
  <rows>5</rows>
  <cols>1</cols>
  <dt>d</dt>
  <data>
    -5.5093186094000490e-01 2.1084822507580467e+00 0. 0.
    -6.8638142500439141e+00</data></Distortion_Coefficients>
<Avg_Reprojection_Error>5.0173083215929504e-01</Avg_Reprojection_Error>
<Per_View_Reprojection_Errors type_id="opencv-matrix">
  <rows>30</rows>
  <cols>1</cols>
  <dt>f</dt>
  <data>
    5.89232862e-01 5.80485106e-01 6.05413258e-01 5.63632071e-01
    5.72400928e-01 5.09241700e-01 3.61180276e-01 4.45328444e-01
    6.45645201e-01 5.32898426e-01 3.75863910e-01 6.02205873e-01
    5.16343415e-01 3.71667892e-01 4.16348219e-01 5.35391986e-01
    4.42609280e-01 5.15340149e-01 4.27274138e-01 3.68861943e-01
    4.90068793e-01 7.34147489e-01 4.00115490e-01 3.49756420e-01
    4.57124740e-01 4.66390401e-01 4.47639287e-01 4.84212101e-01
    4.81624007e-01 5.13283610e-01</data></Per_View_Reprojection_Errors>
<!-- a set of 6-tuples (rotation vector + translation vector) for each view -->
<Extrinsic_Parameters type_id="opencv-matrix">
  <rows>30</rows>
  <cols>6</cols>
  <dt>d</dt>
  <data>
    9.0897664445813986e-02 -1.3413109312016963e-01
    3.9242202078375220e-02 -9.4342959994736603e+01
    -4.5772808917612963e+01 4.2774994423586350e+02
    6.6063884537425815e-02 -1.5015742640865432e-01
    9.5208239991350224e-03 -8.8785775264259172e+01
    -3.8836248245083155e+01 4.2520454417805638e+02
    1.2255393080421706e-01 4.2130095700244639e-02
    -3.3550812851363014e-02 -7.4759555340749202e+01
    -1.9180338217299553e+01 4.3950395433483880e+02
    1.3933845510265008e-01 1.9089446323322271e-01
    -1.1992364818479918e-01 -6.2192264105937937e+01
    -1.3000033012320275e+01 4.5066927638233796e+02
    1.1994558189981581e-01 2.2061277664035278e-01
    -1.0452226283722209e-01 -6.4312087559285928e+01
    -1.8272048536529258e+01 4.5187224338887518e+02
    1.7264199693093152e-01 8.7270537296499209e-02
    -6.3002044755662068e-02 -7.8053664264720823e+01
    -8.0682864694434162e+00 4.3732228599491674e+02
    2.4434825026502041e-01 -6.8650941466151125e-02
    -1.4596693018399680e-02 -8.5666212589971693e+01
    -5.4331028070749632e+00 4.2636432603558035e+02
    1.9320940782678697e-01 -9.3822713401170751e-02
    -6.6550223668690473e-03 -8.1319253842619972e+01
    -5.9605934769068565e+00 4.2688713666098147e+02
    5.7359812119540887e-02 -3.6943559677127230e-02
    -7.6519664988317897e-03 -7.8106947091660984e+01
    -8.8054794623160557e+00 4.2698119587807088e+02
    -2.4894345105258270e-01 -3.2401378230199389e-02
    -2.2519671875932255e-02 -8.1838818661019587e+01
    -2.0605221127779256e+01 4.3519266985310742e+02
    -3.8490747403288900e-01 -1.8557366417791175e-02
    -4.6730299800590978e-02 -8.3713165834570219e+01
    -2.9732638225380555e+01 4.3969752751790577e+02
    -2.0593607445339140e-01 2.6061970071150822e-03
    -4.6253315157976781e-02 -8.4382224254653607e+01
    -2.1536250109389197e+01 4.3386923126109764e+02
    1.5150555357260675e-01 1.1007451693992691e-02
    -2.3235155622741071e-02 -8.4853655165870990e+01
    -1.0013556363959660e+01 4.1982710574574304e+02
    3.5000635524819829e-01 -1.2728568731894683e-02
    3.9902708847455058e-03 -8.7414429342531136e+01
    -7.2564850077058871e+00 4.1801479488295917e+02
    4.4107780953266368e-01 -1.0867369237752901e-01
    4.2430187579968109e-02 -9.5617889438112712e+01
    -1.1314210569985997e+01 4.2112036537361354e+02
    3.0007172305266122e-01 -2.5660577918738858e-01
    1.2275502693013661e-01 -9.6695045421845720e+01
    -1.8651794001671941e+01 4.2217972472368234e+02
    1.1830611602122285e-01 -2.9978818616946690e-01
    2.0636843880493427e-01 -9.5762609619598464e+01
    -2.6228468088111867e+01 4.2321598767584862e+02
    -1.5511867013648262e-01 -2.7079061180478642e-01
    1.7189097096256106e-01 -9.1436731858551653e+01
    -3.0451334304895024e+01 4.3652119055865421e+02
    -3.5790436326497549e-01 -1.9304622685620873e-01
    5.2676935725508342e-02 -8.5459911789469885e+01
    -1.8670242828139902e+01 4.4224054337672135e+02
    -4.4362402695471431e-01 -8.7603905417878755e-02
    -1.0478063770397711e-01 -8.6339697416958387e+01
    -5.9933116492438403e+00 4.4547864661999949e+02
    -3.3339744859421888e-01 1.0021940510946343e-02
    -2.6242841540261774e-01 -8.8706788977117668e+01
    2.8477452344502581e+00 4.4635253059926288e+02
    -3.1003270649062359e-02 8.2779781870820496e-02
    -3.6485658865279491e-01 -8.3573603805078108e+01
    1.6227147585812322e+01 4.4508781602819471e+02 2.0488856984948606e-01
    1.1849697528225210e-01 -3.9084563283937190e-01
    -7.6229819279525088e+01 3.4233634493790262e+01
    4.4262679063033283e+02 2.9826387575214819e-01 6.8686464841735087e-02
    -3.1391933826914342e-01 -7.8479483480791941e+01
    3.1160892486859073e+01 4.4083026981783956e+02 3.5017913626264913e-01
    -1.9767673469368953e-02 -1.4658859851282335e-01
    -7.9691949395188075e+01 1.7937689686381248e+01
    4.3268134648990002e+02 3.7431550589677492e-01
    -1.0413921005750990e-01 4.8093161130998131e-02
    -7.7144952098448670e+01 4.3626046245946073e+00
    4.2400397837006250e+02 3.4164495246792542e-01
    -1.9211058651662929e-01 2.0158051380951869e-01
    -7.4221621132647698e+01 -5.1232071501474046e+00
    4.2205165088822520e+02 3.0990993868552252e-01
    -2.8961087781669587e-01 2.7863044820644067e-01
    -8.0477269564128463e+01 -8.5667367805873411e+00
    4.2196364896513296e+02 2.4921358622680270e-01
    -3.1621265820143085e-01 2.2853869558495443e-01
    -8.1337882720524604e+01 -5.7875737655720290e+00
    4.2254219334955445e+02 1.1351521368378484e-01
    -2.0432619574282077e-01 1.3147256992608899e-01
    -7.2652390123208946e+01 -5.1493410443055803e+00
    4.2953526129346591e+02</data></Extrinsic_Parameters>
